10
0  123  32  221  125  321  542  11  122  211 
123  0  123  221  122  322  221  333  321  11 
32  123  0  15  443  111  45  890  326  91 
221  221  15  0  543  121  55  555  98  398 
125  122  443  543  0  543  232  919  111  123  
321  322  111  121  543  0  554  144  1244  243 
542  221  45  55  232  554  0  321  877  577 
11  333  890  555  919  144  321  0  214  612 
122  321  326  98  111  1244  877  214  0  432
211  11  91  398  123  243  577  612  432  0 