10
0 74 173 66 174 93 61 26 74 83   
74 0 32 23 139 126 45 17 138 44
173 32 0 116 22 52 181 56 200 119
66 23 116 0 193 59 45 171 172 192  
174 139 22 193 0 60 68 130 118 29
93 126 52 59 60 0 71 63 37 152  
61 45 181 45 68 71 0 78 43 109  
26 17 56 171 130 63 78 0 67 142 
74 138 200 172 118 37 43 67 0 38  
83 44 119 192 29 152 109 142 38 0
